[INFO] Top 10 Prolifici con % Retweet:
             screenName  count_tweet  num_original_tweet  num_retweet  \
855898     tweetymouth7         1647              1520.0        127.0   
584836       energy_ann         1642                47.0       1595.0   
25144        All435Reps         1594                 NaN          NaN   
585307      environment         1497              1452.0         45.0   
841809          thehill         1237              1236.0          1.0   
575180  dstrzalka_diana          994               988.0          6.0   
72721        CHARLLOYDS          889               887.0          2.0   
154965    Frenzy_Tweets          868               868.0          0.0   
475953   abigail_energy          803                14.0        789.0   
169541      GreenEnergy          757               757.0          0.0   

        percent_retweet  total_retweet  total_like  total_engagement  \
855898         7.710990          136.0      4040.0            4176.0   
584836        97.137637          527.0       929.0            1456.0   
25144               NaN            NaN         NaN               NaN   
585307         3.006012         2000.0      2991.0            4991.0   
841809         0.080841        43372.0    214778.0          258150.0   
575180         0.603622           22.0       116.0             138.0   
72721          0.224972           80.0      2617.0            2697.0   
154965         0.000000          240.0      7718.0            7958.0   
475953        98.256538            4.0        26.0              30.0   
169541         0.000000          102.0       232.0             334.0   

        mean_retweet   mean_like  mean_engagement  
855898      0.089474    2.657895         2.747368  
584836     11.212766   19.765957        30.978723  
25144            NaN         NaN              NaN  
585307      1.377410    2.059917         3.437328  
841809     35.090615  173.768608       208.859223  
575180      0.022267    0.117409         0.139676  
72721       0.090192    2.950395         3.040586  
154965      0.276498    8.891705         9.168203  
475953      0.285714    1.857143         2.142857  
169541      0.134742    0.306473         0.441215  

[INFO] Top 10 Retweet:
             screenName  count_tweet  num_original_tweet  total_retweet  \
213313       Jim_Jordan           10                 9.0        94780.0   
687486    laurenboebert           26                25.0        80826.0   
109410  DanielTurnerPTF          117                99.0        74600.0   
157830    GOPChairwoman           65                54.0        53075.0   
384234       SenTedCruz           49                47.0        51674.0   
402159     SteveScalise           90                30.0        50258.0   
125540   DonaldJTrumpJr           22                 9.0        48580.0   
841809          thehill         1237              1236.0        43372.0   
157845        GOPLeader           78                25.0        41236.0   
661876  jsolomonReports           29                29.0        39268.0   

        total_like  total_engagement  mean_retweet     mean_like  \
213313    311926.0          406706.0  10531.111111  34658.444444   
687486    318097.0          398923.0   3233.040000  12723.880000   
109410    321760.0          396360.0    753.535354   3250.101010   
157830    191050.0          244125.0    982.870370   3537.962963   
384234    186018.0          237692.0   1099.446809   3957.829787   
402159    125844.0          176102.0   1675.266667   4194.800000   
125540    182502.0          231082.0   5397.777778  20278.000000   
841809    214778.0          258150.0     35.090615    173.768608   
157845    126838.0          168074.0   1649.440000   5073.520000   
661876     91828.0          131096.0   1354.068966   3166.482759   

        mean_engagement  
213313     45189.555556  
687486     15956.920000  
109410      4003.636364  
157830      4520.833333  
384234      5057.276596  
402159      5870.066667  
125540     25675.777778  
841809       208.859223  
157845      6722.960000  
661876      4520.551724  

[INFO] Top 10 Like:
             screenName  count_tweet  num_original_tweet  total_retweet  \
109410  DanielTurnerPTF          117                99.0        74600.0   
687486    laurenboebert           26                25.0        80826.0   
213313       Jim_Jordan           10                 9.0        94780.0   
841809          thehill         1237              1236.0        43372.0   
157830    GOPChairwoman           65                54.0        53075.0   
384234       SenTedCruz           49                47.0        51674.0   
125540   DonaldJTrumpJr           22                 9.0        48580.0   
780921  realDonaldTrump            2                 2.0        36180.0   
752099          o2bnobx            6                 3.0        39057.0   
157845        GOPLeader           78                25.0        41236.0   

        total_like  total_engagement  mean_retweet     mean_like  \
109410    321760.0          396360.0    753.535354   3250.101010   
687486    318097.0          398923.0   3233.040000  12723.880000   
213313    311926.0          406706.0  10531.111111  34658.444444   
841809    214778.0          258150.0     35.090615    173.768608   
157830    191050.0          244125.0    982.870370   3537.962963   
384234    186018.0          237692.0   1099.446809   3957.829787   
125540    182502.0          231082.0   5397.777778  20278.000000   
780921    161069.0          197249.0  18090.000000  80534.500000   
752099    148351.0          187408.0  13019.000000  49450.333333   
157845    126838.0          168074.0   1649.440000   5073.520000   

        mean_engagement  
109410      4003.636364  
687486     15956.920000  
213313     45189.555556  
841809       208.859223  
157830      4520.833333  
384234      5057.276596  
125540     25675.777778  
780921     98624.500000  
752099     62469.333333  
157845      6722.960000  

[INFO] Top 10 Engagement:
             screenName  count_tweet  num_original_tweet  total_retweet  \
213313       Jim_Jordan           10                 9.0        94780.0   
687486    laurenboebert           26                25.0        80826.0   
109410  DanielTurnerPTF          117                99.0        74600.0   
841809          thehill         1237              1236.0        43372.0   
157830    GOPChairwoman           65                54.0        53075.0   
384234       SenTedCruz           49                47.0        51674.0   
125540   DonaldJTrumpJr           22                 9.0        48580.0   
780921  realDonaldTrump            2                 2.0        36180.0   
752099          o2bnobx            6                 3.0        39057.0   
402159     SteveScalise           90                30.0        50258.0   

        total_like  total_engagement  mean_retweet     mean_like  \
213313    311926.0          406706.0  10531.111111  34658.444444   
687486    318097.0          398923.0   3233.040000  12723.880000   
109410    321760.0          396360.0    753.535354   3250.101010   
841809    214778.0          258150.0     35.090615    173.768608   
157830    191050.0          244125.0    982.870370   3537.962963   
384234    186018.0          237692.0   1099.446809   3957.829787   
125540    182502.0          231082.0   5397.777778  20278.000000   
780921    161069.0          197249.0  18090.000000  80534.500000   
752099    148351.0          187408.0  13019.000000  49450.333333   
402159    125844.0          176102.0   1675.266667   4194.800000   

        mean_engagement  
213313     45189.555556  
687486     15956.920000  
109410      4003.636364  
841809       208.859223  
157830      4520.833333  
384234      5057.276596  
125540     25675.777778  
780921     98624.500000  
752099     62469.333333  
402159      5870.066667  